8123694019
9213539773
9650357109
8129322039
9219130476
9214136861
9216598072
9219810479
9112189730
9112232490
8129942630
8129292200
9516746425
9214461235
9119121762
9111962409
8129933552
9213333381
9111186101
9213335258
9217584873
9219114778
9219849588
9111101710
8129215622
9112159433
9213355641
9219630837
8129270479
9681916868
9052503471
9217877619
9219351778
9602838338
9052597680
9213309774
9184176661
9216542745
9315306201
9219003077
9219463933
9219635995
9523873210
9211891366
9213804268
9817411171
9117071552
9523919844
8123341334
9046353974
9217539654
9214241050
9312730737
9219366396
9213247454
9602591281
9213700076
9046451514
9214277337
8126779601
8129379449
9213147698
9626861515
8129380498
9213582340
8122447788
9213855725
8123184111
9219179738
9112711202
9522616163
9110920063
9213838823
9119201589
8129582459
9213059334
9052725883
9213843329
9112850045
8129393883
9219654783
9110916260
9219210997
8129206426
9052727881
9618028219
8123257000
8123609321
9119230912
8123185805
9219351661
9213047761
9818480252
        
9319687626
9119247369
9213354923
9213955487
8112577618
9219386661
9500311531
9052856837
9523847722
9219740532
9118389131
9213154745
9313105212
8129116066
9117646368
8127028112
9217598202
9817809366
9219637461
9119889536
9110173339
8129329224
9268793345
9992087230
9217977201
9500270165
9213258302
9112156607
9213637559
8123241290
9219353320
9219634604
9602320000
9117876246
8124639209
9219636682
9119190170
9112428752
8123325986
4959331458
9213843169
8122926737
9213302542
9212025676
9213463465
9119170969
9214295426
9214233303
9217567686
9112339553
9818017777
9118224354
8129085400
9052255818
9052041624
9119926927
9657570640
9219386673
9215834496
9219818475
9046013738
9112521822
8121111111
8129822143
9216393241
8123749794
9214343936
8129310160
9112661145
9062510452
9213134951
9217503363
9213293640
9219349416
9113628855
9219377469
8129641749
8123241001
9119796434
9110991425
9312817730
9030932281
9219953185
8123355930
9811324346
9215564165
9062407551
9112142744
9115553258
8123257108
9211866017
9213637600
9219002050
9110261359
4959561001
9219645718
9213860180
8126020901
9217873287
9219652129
9219551767
9119187556
8127580633
9312001595
8126802901
9602776025
9675321705
9112279246
9217469296
9052822378
9213153891
9217599282
9219362005
9213706363
9119520012
8129823303
9818543181
9296574249
9037427265
9212011966
9112682324
8124490466
8123466870
9217882085
9219652848
9119354535
9217447869
9217845775
9118895746
8129328446
9111412121
9213212083
9112110227
8123294433
9117511877
8123851460
9531404020
9218707554
9219020341
9088551166
9112898116
9119644755
9211827767
9818129929
9217700724
8129850033
9119337777
9643265647
9119227221
9516784950
9213826165
9523927277
9817962324
9112720715
9111552267
9213480870
9213470731
9214473412
9216389753
8129425091
9219595316
9217502052
9117019472
9217565583
8123369888
9215548727
8129353611
9052267799
9062703254
9117667184
9118182716
9119564741
9523805303
9217515181
9818624301
8129994818
9217871706
9218697119
9111278780
9111402244
9217862294
9312377215
9111701018
9217528465
9217786784
9219118335
9214334477
9213731472
9217416668
9219150086
9215825317
9111153899
9052228998
9817858735
9119712695
9119091277
9118375958
9213747987
9992023052
9219469742
9217613937
9119920929
9117761273
9119110321
9062256739
9218855025
8129448894
9045153723
9219584385
9213071771
9218654636
9217986890
9219434399
9219579659
9218943565
9213183937
9522488317
9113645755
9218826946
9112180989






