694019
539773
357109
322039
130476
136861
598072
810479
189730
232490
942630
292200
746425
461235
121762
962409
933552
333381
186101
335258
584873
114778
849588
101710
215622
159433
355641
630837
270479
916868
503471
877619
351778
838338
597680
309774
176661
542745
306201
003077
463933
635995
873210
891366
804268
411171
071552
919844
341334
353974
539654
241050
730737
366396
247454
591281
700076
451514
277337
779601
379449
147698
861515
380498
582340
447788
855725
184111
179738
711202
616163
920063
838823
201589
582459
059334
725883
843329
850045
393883
654783
916260
210997
206426
727881
028219
257000
609321
230912
185805
351661
047761
480252
    
687626
247369
354923
955487
577618
386661
311531
856837
847722
740532
389131
154745
105212
116066
646368
028112
598202
809366
637461
889536
173339
329224
793345
087230
977201
270165
258302
156607
637559
241290
353320
634604
320000
876246
639209
636682
190170
428752
325986
331458
843169
926737
302542
025676
463465
170969
295426
233303
567686
339553
017777
224354
085400
255818
041624
926927
570640
386673
834496
818475
013738
521822
111111
822143
393241
749794
343936
310160
661145
510452
134951
503363
293640
349416
628855
377469
641749
241001
796434
991425
817730
932281
953185
355930
324346
564165
407551
142744
553258
257108
866017
637600
002050
261359
561001
645718
860180
020901
873287
652129
551767
187556
580633
001595
802901
776025
321705
279246
469296
822378
153891
599282
362005
706363
520012
823303
543181
574249
427265
011966
682324
490466
466870
882085
652848
354535
447869
845775
895746
328446
412121
212083
110227
294433
511877
851460
404020
707554
020341
551166
898116
644755
827767
129929
700724
850033
337777
265647
227221
784950
826165
927277
962324
720715
552267
480870
470731
473412
389753
425091
595316
502052
019472
565583
369888
548727
353611
267799
703254
667184
182716
564741
805303
515181
624301
994818
871706
697119
278780
402244
862294
377215
701018
528465
786784
118335
334477
731472
416668
150086
825317
153899
228998
858735
712695
091277
375958
747987
023052
469742
613937
920929
761273
110321
256739
855025
448894
153723
584385
071771
654636
986890
434399
579659
943565
183937
488317
645755
826946
180989
